10
1000
1783226483278423
432743748374893748
4738247389473897
4374382748397498274398
4347384738473
47384738
4782364738268782364783643
4782364738267782364783643
444444444444444444444444444444
444444444444444444444444444444
4
5
0
0
99999999999999999999999999993432644444444444444444444444444444444444326746328746872364832434
99999999999999999999999999993432644444444444444444444444444444444444326746328746872364832433
457483573457438574574837547584758475897482913821739218372183621783621783621783213
474238473283274239847328947823974823972389789781937217189273821973821973821973821
343333333333333333333333333333
343333333333333333333333333333